notebooks/tutorials/hillslope_geomorphology/transport-length_hillslope_diffuser/DEMData/SRTMGL1_44.175_6.48_44.205_6.52.asc
ncols        144
nrows        108
xllcorner    6.479861111136
yllcorner    44.175138888887
cellsize     0.000277777778
NODATA_value -32768
[rows 0 to 37 of 108, columns 0 to 83 of 144]
1994 2002 2014 2023 2032 2033 2027 2015 2006 1995 1979 1968 1952 1946 1946 1944 1942 1938 1933 1927 1919 1915 1911 1906 1899 1895 1891 1882 1874 1874 1874 1869 1864 1857 1852 1850 1845 1839 1836 1832 1832 1831 1830 1831 1826 1818 1812 1809 1806 1800 1808 1809 1799 1793 1808 1813 1814 1817 1814 1815 1822 1828 1831 1832 1831 1832 1834 1835 1835 1834 1829 1824 1813 1803 1791 1783 1781 1779 1779 1777 1775 1774 1774 1772
1982 1990 1998 2006 2014 2025 2034 2032 2030 2023 2014 1994 1979 1967 1957 1958 1956 1954 1952 1948 1942 1934 1929 1921 1916 1913 1909 1905 1899 1895 1890 1884 1878 1872 1869 1865 1861 1858 1857 1856 1854 1853 1852 1851 1848 1841 1835 1830 1828 1827 1834 1832 1837 1830 1845 1841 1843 1837 1834 1833 1840 1842 1844 1844 1844 1842 1843 1843 1843 1841 1837 1829 1819 1807 1798 1790 1788 1786 1788 1787 1785 1783 1782 1782
1961 1972 1982 1989 1998 2008 2015 2023 2027 2031 2029 2026 2017 2014 2002 1995 1985 1963 1960 1958 1955 1952 1949 1944 1936 1927 1921 1917 1915 1912 1908 1901 1897 1891 1884 1877 1875 1873 1871 1871 1870 1868 1864 1860 1856 1853 1850 1848 1847 1850 1851 1857 1858 1865 1864 1861 1858 1854 1850 1851 1855 1855 1856 1856 1856 1855 1853 1850 1849 1847 1841 1834 1826 1817 1803 1795 1791 1793 1793 1793 1791 1790 1791 1796
1935 1939 1955 1973 1980 1988 1997 2005 2015 2023 2028 2031 2033 2035 2035 2028 2014 2000 1983 1972 1967 1965 1965 1963 1961 1952 1941 1934 1928 1926 1922 1918 1914 1907 1900 1895 1890 1885 1883 1884 1885 1883 1878 1872 1868 1865 1866 1868 1868 1869 1878 1885 1883 1885 1878 1876 1875 1872 1875 1877 1877 1874 1872 1870 1868 1867 1864 1859 1855 1852 1846 1839 1831 1820 1807 1798 1797 1797 1797 1799 1798 1801 1805 1813
1910 1919 1932 1946 1957 1968 1982 1995 2004 2014 2020 2025 2035 2043 2049 2046 2041 2029 2015 1997 1983 1979 1976 1978 1979 1971 1963 1952 1947 1942 1937 1934 1930 1926 1920 1915 1908 1901 1898 1898 1896 1893 1888 1883 1883 1885 1887 1888 1889 1894 1904 1905 1903 1902 1894 1894 1895 1896 1897 1897 1896 1891 1886 1883 1880 1876 1871 1866 1860 1855 1849 1841 1832 1821 1811 1804 1803 1804 1804 1805 1810 1816 1825 1833
1897 1906 1917 1930 1941 1955 1970 1982 1993 2000 2007 2017 2026 2036 2042 2046 2047 2044 2034 2015 1999 1987 1986 1988 1988 1984 1978 1974 1967 1961 1957 1952 1945 1937 1932 1927 1920 1913 1910 1907 1906 1905 1904 1905 1910 1914 1917 1918 1919 1923 1924 1923 1922 1917 1915 1914 1917 1915 1913 1912 1912 1907 1902 1895 1891 1884 1878 1870 1863 1853 1847 1842 1834 1824 1815 1808 1806 1807 1809 1812 1818 1826 1837 1845
1880 1893 1903 1915 1928 1939 1950 1963 1973 1981 1987 1996 2005 2019 2032 2045 2049 2052 2049 2038 2021 2010 2004 2002 2001 1995 1992 1990 1985 1979 1975 1969 1963 1955 1945 1938 1936 1933 1926 1921 1917 1921 1927 1930 1933 1936 1938 1942 1946 1945 1943 1940 1936 1932 1931 1932 1932 1930 1929 1925 1924 1921 1912 1905 1899 1893 1883 1873 1864 1855 1847 1841 1835 1828 1821 1814 1812 1812 1814 1818 1825 1834 1845 1853
1861 1871 1884 1899 1911 1921 1929 1937 1951 1963 1968 1974 1990 2006 2023 2038 2056 2063 2060 2054 2046 2039 2032 2019 2012 2008 2006 2001 1995 1990 1985 1980 1977 1969 1962 1960 1956 1951 1946 1941 1941 1941 1948 1951 1950 1953 1959 1961 1963 1963 1962 1960 1955 1950 1948 1950 1949 1946 1943 1940 1934 1928 1921 1912 1905 1900 1891 1878 1866 1857 1850 1841 1834 1830 1823 1819 1820 1822 1824 1828 1837 1847 1857 1864
1838 1850 1863 1878 1892 1902 1909 1920 1932 1943 1952 1959 1971 1992 2006 2019 2032 2043 2050 2052 2059 2056 2051 2037 2024 2018 2014 2008 2002 1998 1995 1995 1993 1990 1986 1980 1977 1971 1966 1960 1962 1972 1977 1979 1981 1982 1985 1989 1987 1984 1982 1978 1974 1970 1966 1965 1964 1962 1960 1953 1946 1940 1932 1925 1917 1910 1903 1890 1875 1864 1853 1843 1838 1831 1829 1827 1830 1833 1835 1841 1853 1866 1870 1876
1819 1831 1843 1855 1865 1882 1898 1906 1916 1931 1943 1957 1971 1980 1990 2006 2018 2023 2032 2045 2052 2055 2055 2050 2041 2030 2024 2020 2017 2017 2017 2017 2014 2011 2008 2004 1998 1994 1988 1986 1991 2002 2009 2011 2010 2013 2017 2016 2013 2008 2002 1994 1989 1986 1984 1981 1978 1976 1975 1970 1963 1955 1948 1938 1929 1921 1915 1902 1883 1871 1859 1850 1845 1843 1838 1841 1842 1843 1847 1859 1869 1875 1881 1887
1799 1811 1819 1828 1840 1853 1871 1891 1905 1920 1935 1949 1961 1975 1984 1992 2006 2018 2027 2030 2037 2040 2040 2043 2040 2037 2041 2045 2045 2046 2046 2046 2045 2041 2033 2026 2026 2024 2030 2028 2029 2037 2039 2042 2044 2042 2038 2036 2033 2027 2019 2013 2007 2005 2001 1998 1995 1991 1987 1982 1976 1968 1960 1951 1939 1932 1925 1911 1896 1884 1873 1863 1860 1859 1857 1852 1849 1851 1856 1863 1872 1882 1888 1899
1785 1795 1797 1803 1818 1835 1851 1866 1881 1896 1913 1927 1942 1958 1973 1983 1989 1999 2010 2015 2019 2018 2025 2027 2027 2030 2035 2040 2044 2053 2062 2067 2072 2066 2063 2068 2071 2067 2064 2062 2058 2055 2054 2057 2057 2057 2054 2049 2044 2039 2034 2026 2023 2021 2018 2015 2010 2004 1998 1991 1985 1980 1973 1963 1951 1941 1934 1924 1911 1900 1888 1879 1875 1873 1869 1863 1863 1866 1873 1879 1886 1895 1905 1913
1760 1770 1782 1792 1802 1816 1833 1847 1859 1870 1882 1899 1916 1935 1954 1966 1977 1981 1986 1991 1995 1998 1998 2000 2001 2010 2017 2020 2024 2034 2047 2056 2059 2064 2069 2075 2079 2081 2080 2080 2076 2075 2073 2070 2069 2068 2066 2064 2061 2058 2052 2046 2040 2035 2031 2028 2023 2015 2008 2000 1994 1988 1980 1974 1965 1955 1947 1938 1929 1919 1907 1895 1886 1881 1876 1872 1872 1879 1885 1887 1895 1908 1920 1925
1744 1759 1773 1780 1788 1803 1820 1836 1848 1858 1869 1885 1902 1916 1933 1952 1967 1965 1969 1973 1977 1975 1972 1976 1975 1974 1985 1998 2006 2015 2025 2034 2041 2049 2053 2057 2063 2068 2071 2075 2077 2078 2077 2078 2080 2082 2083 2081 2078 2072 2065 2060 2056 2051 2044 2040 2033 2024 2013 2007 2003 1995 1987 1981 1976 1968 1959 1948 1939 1933 1926 1914 1904 1898 1894 1893 1892 1894 1897 1905 1913 1922 1931 1935
1724 1733 1747 1761 1775 1790 1806 1823 1832 1840 1862 1883 1896 1908 1914 1920 1932 1950 1957 1963 1957 1955 1953 1956 1963 1954 1963 1975 1989 1998 2002 2008 2018 2026 2034 2036 2034 2036 2038 2047 2062 2066 2069 2071 2079 2083 2088 2088 2087 2081 2075 2072 2069 2066 2063 2056 2047 2034 2024 2019 2012 2002 1994 1987 1982 1976 1970 1963 1956 1952 1944 1931 1920 1913 1911 1911 1908 1909 1916 1924 1928 1935 1946 1954
1712 1722 1727 1735 1751 1769 1784 1799 1816 1829 1838 1854 1874 1887 1895 1901 1921 1935 1934 1933 1928 1928 1909 1914 1913 1920 1934 1946 1961 1972 1982 1983 1986 2000 2013 2015 2018 2016 2018 2024 2032 2046 2056 2061 2066 2071 2075 2080 2084 2083 2081 2078 2076 2074 2072 2068 2059 2047 2039 2029 2019 2008 2001 1999 1994 1988 1988 1984 1979 1975 1969 1961 1949 1943 1938 1932 1930 1931 1935 1940 1946 1953 1961 1968
1700 1709 1717 1724 1733 1750 1769 1783 1797 1810 1823 1833 1844 1861 1885 1894 1905 1905 1905 1902 1899 1896 1883 1887 1888 1900 1913 1914 1923 1935 1947 1958 1967 1976 1985 1987 1993 1993 2008 2010 2013 2018 2030 2039 2045 2049 2055 2070 2080 2086 2082 2077 2074 2072 2070 2067 2065 2059 2050 2041 2030 2020 2016 2013 2009 2006 2002 1997 1992 1986 1979 1975 1972 1966 1958 1954 1951 1950 1951 1955 1958 1965 1972 1978
1690 1698 1707 1717 1727 1738 1754 1769 1785 1802 1817 1827 1831 1847 1859 1871 1874 1868 1864 1858 1864 1859 1857 1866 1877 1880 1886 1895 1899 1903 1923 1945 1957 1969 1965 1965 1974 1981 1972 2004 2001 2002 2007 2014 2022 2032 2044 2057 2072 2074 2071 2067 2066 2063 2059 2056 2056 2058 2059 2051 2043 2035 2029 2025 2019 2013 2011 2010 2007 1999 1990 1984 1980 1979 1978 1971 1966 1969 1972 1975 1979 1981 1985 1986
1675 1685 1695 1704 1715 1730 1746 1760 1777 1795 1805 1812 1823 1829 1832 1838 1834 1835 1819 1819 1824 1826 1836 1828 1841 1863 1878 1877 1889 1891 1901 1908 1920 1930 1936 1934 1938 1931 1932 1954 1976 1992 1994 2001 2005 2013 2020 2033 2043 2051 2045 2036 2043 2044 2043 2040 2040 2045 2049 2047 2043 2039 2035 2032 2028 2021 2017 2014 2013 2012 2008 2003 2000 1999 1998 1999 1997 1996 1998 1999 2002 2004 2002 1999
1663 1671 1681 1690 1698 1710 1728 1741 1754 1767 1787 1794 1804 1805 1802 1799 1794 1802 1798 1800 1803 1799 1805 1809 1817 1832 1852 1876 1877 1882 1896 1897 1908 1904 1902 1910 1902 1905 1911 1922 1942 1957 1957 1970 1978 1981 1991 2000 2009 2019 2022 2015 2019 2021 2014 2009 2020 2022 2026 2029 2031 2032 2032 2033 2030 2032 2029 2028 2027 2028 2027 2027 2027 2025 2021 2018 2018 2022 2025 2024 2019 2016 2018 2015
1652 1660 1670 1679 1687 1694 1703 1716 1729 1734 1757 1761 1764 1761 1759 1762 1764 1769 1767 1769 1770 1776 1783 1782 1784 1801 1816 1842 1856 1867 1871 1878 1880 1877 1874 1873 1872 1875 1888 1891 1908 1921 1930 1930 1942 1946 1966 1977 1985 1996 2002 2004 2005 2002 1995 1989 1997 1999 2001 2004 2008 2011 2017 2022 2028 2034 2039 2040 2040 2041 2041 2043 2044 2044 2044 2039 2035 2037 2039 2037 2035 2031 2028 2027
1639 1649 1659 1668 1676 1684 1694 1707 1716 1724 1720 1723 1725 1728 1724 1730 1732 1731 1731 1735 1737 1739 1747 1751 1765 1773 1777 1786 1810 1822 1838 1847 1851 1848 1850 1845 1846 1848 1848 1850 1865 1892 1899 1900 1915 1923 1927 1954 1973 1984 1984 1977 1969 1975 1974 1972 1967 1978 1984 1983 1983 1990 1998 2009 2016 2021 2029 2032 2037 2040 2043 2044 2050 2053 2053 2051 2046 2041 2046 2050 2048 2042 2038 2038
1628 1636 1648 1660 1668 1677 1690 1699 1695 1708 1714 1716 1712 1708 1707 1704 1699 1696 1692 1688 1700 1716 1719 1732 1738 1741 1748 1763 1762 1767 1781 1788 1791 1798 1806 1814 1819 1827 1832 1833 1844 1855 1868 1888 1882 1895 1908 1938 1946 1952 1955 1961 1955 1952 1951 1945 1944 1951 1956 1960 1966 1970 1977 1982 1985 1997 2008 2015 2021 2027 2032 2039 2047 2057 2059 2061 2058 2055 2057 2059 2056 2053 2050 2045
1621 1630 1641 1650 1659 1668 1677 1691 1690 1691 1696 1698 1693 1683 1676 1670 1662 1657 1662 1660 1677 1688 1689 1702 1710 1714 1717 1722 1720 1718 1718 1720 1717 1726 1738 1756 1770 1796 1806 1816 1822 1827 1843 1870 1887 1908 1907 1914 1926 1930 1937 1932 1940 1938 1903 1905 1917 1932 1931 1939 1947 1954 1953 1955 1969 1982 1993 1999 2003 2008 2015 2024 2035 2046 2055 2060 2062 2066 2067 2066 2062 2062 2061 2057
1619 1630 1638 1642 1646 1654 1662 1670 1666 1670 1673 1662 1654 1646 1643 1641 1633 1627 1616 1618 1634 1653 1671 1684 1694 1700 1698 1696 1687 1676 1667 1665 1672 1678 1686 1704 1720 1737 1758 1764 1774 1776 1790 1786 1783 1790 1816 1832 1893 1913 1920 1910 1894 1875 1873 1878 1889 1902 1908 1916 1924 1926 1928 1934 1952 1969 1975 1979 1980 1988 2003 2010 2015 2029 2045 2051 2058 2066 2074 2073 2071 2067 2064 2059
1609 1626 1633 1632 1633 1636 1644 1645 1645 1638 1634 1639 1630 1622 1620 1616 1608 1596 1592 1595 1601 1619 1647 1666 1674 1679 1677 1664 1647 1634 1632 1635 1641 1650 1652 1658 1673 1686 1697 1711 1723 1728 1728 1727 1731 1750 1779 1801 1803 1821 1873 1880 1873 1867 1863 1866 1875 1885 1883 1890 1897 1901 1906 1923 1938 1950 1958 1960 1965 1972 1981 1993 2002 2011 2023 2038 2051 2062 2066 2069 2067 2064 2059 2054
1602 1610 1614 1616 1620 1624 1620 1617 1617 1610 1599 1602 1599 1601 1602 1599 1591 1583 1581 1579 1584 1593 1606 1608 1618 1622 1628 1611 1610 1610 1611 1611 1615 1622 1625 1633 1637 1645 1656 1673 1688 1689 1646 1635 1643 1732 1736 1766 1780 1793 1801 1808 1838 1838 1841 1839 1841 1860 1861 1870 1874 1879 1890 1901 1916 1929 1936 1944 1951 1957 1964 1969 1979 1995 2008 2021 2035 2044 2048 2051 2051 2051 2046 2041
1586 1582 1586 1593 1601 1603 1598 1589 1587 1584 1575 1569 1576 1582 1585 1585 1580 1574 1571 1574 1587 1582 1579 1585 1593 1601 1605 1605 1606 1611 1601 1594 1599 1601 1606 1612 1619 1633 1636 1641 1645 1651 1652 1650 1647 1651 1719 1738 1732 1762 1772 1779 1778 1801 1826 1831 1834 1842 1829 1841 1849 1859 1868 1878 1887 1898 1917 1931 1935 1940 1945 1953 1963 1978 1995 2009 2023 2026 2027 2029 2032 2029 2027 2024
1560 1556 1559 1559 1564 1569 1565 1561 1556 1554 1548 1546 1556 1554 1560 1559 1557 1559 1562 1561 1562 1564 1567 1566 1571 1581 1586 1591 1593 1590 1590 1592 1594 1597 1602 1607 1612 1616 1617 1619 1628 1637 1646 1653 1655 1659 1670 1683 1696 1696 1708 1717 1734 1743 1751 1765 1779 1786 1795 1809 1825 1839 1850 1858 1871 1888 1900 1912 1916 1918 1933 1946 1957 1972 1992 2004 2009 2012 2012 2014 2016 2014 2011 2011
1538 1530 1529 1532 1535 1537 1534 1530 1520 1521 1520 1520 1539 1545 1534 1531 1534 1538 1541 1545 1547 1548 1550 1551 1556 1563 1571 1577 1580 1578 1576 1576 1581 1587 1591 1596 1600 1602 1605 1608 1611 1619 1631 1639 1644 1652 1661 1663 1668 1678 1689 1696 1695 1699 1714 1721 1744 1765 1772 1786 1803 1817 1828 1840 1853 1868 1881 1888 1894 1900 1913 1938 1954 1963 1976 1990 1997 2000 1998 1996 1997 1998 1997 1996
1517 1509 1502 1505 1512 1513 1513 1507 1498 1495 1498 1498 1504 1513 1514 1518 1521 1527 1529 1532 1535 1537 1537 1537 1541 1547 1550 1556 1560 1561 1563 1563 1565 1570 1575 1580 1586 1590 1595 1598 1600 1606 1613 1622 1629 1633 1640 1650 1658 1660 1666 1676 1679 1674 1677 1684 1706 1737 1756 1770 1780 1791 1805 1818 1832 1842 1847 1855 1865 1870 1879 1897 1916 1935 1956 1975 1983 1981 1978 1976 1973 1971 1973 1977
1495 1486 1482 1483 1487 1490 1490 1486 1482 1476 1478 1485 1484 1488 1494 1496 1500 1505 1512 1517 1524 1525 1523 1524 1526 1532 1538 1540 1541 1545 1549 1553 1556 1558 1563 1568 1574 1580 1583 1586 1589 1592 1598 1605 1612 1618 1624 1631 1637 1642 1650 1652 1654 1661 1664 1671 1679 1684 1711 1733 1746 1761 1783 1805 1812 1816 1815 1818 1831 1840 1857 1878 1904 1925 1943 1954 1958 1958 1957 1954 1952 1953 1954 1960
1466 1467 1465 1464 1467 1465 1468 1471 1467 1462 1461 1464 1467 1468 1472 1477 1480 1480 1487 1497 1504 1507 1506 1507 1511 1517 1524 1531 1532 1534 1539 1540 1541 1544 1551 1557 1562 1567 1571 1573 1575 1579 1584 1590 1599 1608 1617 1625 1630 1634 1635 1637 1640 1644 1647 1652 1657 1661 1664 1685 1712 1727 1743 1764 1786 1784 1782 1787 1791 1808 1826 1856 1898 1921 1932 1942 1940 1936 1931 1928 1930 1931 1935 1942
1438 1442 1446 1446 1448 1449 1448 1452 1448 1449 1449 1449 1450 1450 1453 1460 1463 1466 1469 1472 1480 1490 1493 1495 1498 1500 1506 1512 1518 1523 1526 1527 1526 1529 1535 1542 1549 1554 1558 1559 1561 1565 1569 1578 1588 1597 1606 1614 1620 1619 1623 1630 1631 1631 1630 1636 1644 1648 1651 1662 1676 1690 1702 1706 1711 1738 1755 1761 1766 1767 1777 1789 1826 1883 1905 1907 1907 1906 1905 1905 1908 1912 1917 1923
1418 1421 1424 1427 1428 1432 1435 1433 1434 1435 1440 1442 1440 1441 1442 1446 1451 1455 1458 1459 1463 1472 1481 1485 1486 1489 1494 1500 1507 1512 1515 1517 1514 1517 1522 1531 1540 1545 1545 1547 1551 1556 1563 1575 1586 1594 1603 1605 1609 1612 1615 1616 1617 1621 1623 1624 1629 1637 1641 1645 1654 1666 1672 1677 1691 1707 1726 1743 1747 1748 1746 1745 1758 1786 1835 1868 1880 1887 1884 1884 1887 1893 1900 1906
1403 1403 1407 1411 1414 1415 1417 1417 1422 1426 1426 1428 1430 1431 1432 1436 1442 1447 1450 1451 1454 1460 1465 1470 1472 1475 1479 1485 1491 1499 1504 1504 1504 1504 1509 1518 1525 1530 1534 1537 1545 1552 1560 1571 1584 1594 1595 1598 1603 1608 1611 1612 1611 1612 1617 1617 1618 1620 1627 1634 1639 1648 1658 1666 1672 1686 1703 1717 1726 1727 1728 1727 1728 1749 1783 1818 1850 1864 1869 1869 1870 1875 1881 1891
1389 1391 1394 1397 1399 1398 1400 1402 1406 1411 1415 1417 1420 1421 1423 1426 1431 1438 1441 1443 1446 1451 1455 1456 1461 1465 1469 1474 1482 1488 1490 1491 1491 1493 1497 1504 1510 1514 1520 1527 1534 1540 1547 1559 1569 1576 1579 1585 1592 1601 1605 1608 1605 1604 1606 1606 1606 1609 1612 1620 1629 1636 1643 1652 1661 1671 1681 1688 1694 1701 1708 1712 1716 1723 1738 1779 1809 1830 1843 1845 1851 1854 1866 1880
1381 1384 1384 1386 1387 1388 1391 1395 1397 1400 1402 1406 1409 1411 1414 1417 1421 1426 1431 1435 1439 1444 1446 1448 1452 1456 1459 1464 1472 1476 1478 1480 1481 1484 1489 1494 1498 1501 1506 1511 1518 1525 1534 1544 1554 1559 1563 1568 1574 1588 1602 1601 1599 1596 1596 1598 1598 1597 1603 1612 1618 1622 1628 1635 1644 1654 1665 1673 1677 1679 1684 1691 1697 1701 1710 1734 1764 1798 1814 1817 1828 1841 1855 1871
