notebooks/tutorials/hillslope_geomorphology/transport-length_hillslope_diffuser/DEMData/SRTMGL1_44.175_6.48_44.205_6.52.asc
ncols        144
nrows        108
xllcorner    6.479861111136
yllcorner    44.175138888887
cellsize     0.000277777778
NODATA_value -32768
[rows 38 to 75 of 108, columns 0 to 83 of 144]
1378 1380 1380 1380 1383 1386 1389 1391 1391 1393 1395 1397 1399 1402 1405 1409 1413 1417 1420 1426 1432 1436 1440 1441 1442 1446 1450 1455 1459 1466 1470 1473 1475 1477 1480 1485 1485 1489 1497 1505 1512 1518 1523 1528 1533 1541 1547 1554 1561 1571 1582 1587 1586 1585 1585 1586 1587 1588 1594 1604 1608 1610 1617 1625 1633 1640 1648 1655 1659 1663 1670 1675 1677 1679 1682 1687 1696 1722 1773 1804 1811 1818 1834 1854
1380 1380 1381 1383 1385 1386 1388 1389 1390 1391 1393 1395 1396 1397 1399 1403 1406 1409 1410 1415 1421 1427 1430 1433 1435 1439 1442 1444 1448 1453 1458 1462 1465 1466 1468 1472 1474 1476 1485 1497 1504 1509 1509 1511 1518 1525 1531 1538 1541 1546 1557 1567 1571 1574 1574 1573 1574 1579 1586 1593 1598 1600 1606 1617 1625 1628 1631 1636 1643 1651 1659 1663 1660 1658 1662 1668 1673 1688 1715 1754 1780 1780 1783 1807
1381 1383 1384 1387 1388 1389 1390 1392 1392 1392 1393 1396 1398 1398 1398 1399 1401 1402 1405 1408 1413 1418 1420 1422 1426 1430 1432 1435 1438 1440 1444 1446 1447 1449 1451 1452 1456 1463 1471 1481 1488 1491 1492 1495 1499 1506 1513 1517 1522 1528 1536 1547 1557 1562 1561 1560 1561 1566 1574 1581 1584 1587 1591 1603 1615 1617 1618 1625 1633 1638 1643 1641 1640 1639 1642 1649 1656 1662 1687 1738 1760 1757 1763 1770
1383 1387 1391 1395 1398 1400 1401 1403 1406 1410 1412 1415 1420 1423 1419 1416 1413 1412 1412 1414 1413 1415 1415 1416 1419 1422 1425 1427 1430 1434 1435 1436 1437 1438 1439 1441 1444 1448 1455 1462 1467 1472 1478 1480 1480 1485 1486 1492 1498 1509 1518 1527 1535 1541 1545 1545 1548 1552 1557 1564 1571 1575 1578 1582 1589 1600 1608 1613 1620 1625 1623 1621 1621 1625 1629 1634 1641 1648 1655 1661 1699 1733 1745 1761
1393 1397 1401 1404 1408 1412 1415 1417 1423 1428 1434 1438 1442 1447 1449 1447 1445 1439 1438 1438 1437 1432 1439 1427 1422 1420 1423 1426 1429 1432 1434 1434 1435 1437 1436 1438 1439 1442 1444 1450 1454 1458 1461 1466 1468 1470 1471 1474 1482 1493 1502 1509 1515 1522 1527 1531 1535 1540 1543 1547 1556 1565 1568 1571 1575 1582 1592 1603 1608 1612 1610 1607 1609 1612 1618 1623 1628 1632 1636 1639 1643 1661 1691 1717
1399 1404 1408 1412 1415 1421 1426 1431 1436 1439 1442 1446 1451 1457 1460 1462 1463 1459 1457 1458 1458 1463 1461 1461 1447 1437 1439 1441 1443 1445 1443 1444 1448 1451 1448 1445 1445 1444 1445 1445 1448 1449 1452 1456 1460 1461 1463 1464 1472 1481 1487 1493 1500 1506 1508 1512 1522 1530 1534 1538 1542 1549 1555 1560 1565 1573 1583 1591 1596 1598 1600 1600 1600 1603 1607 1611 1614 1616 1617 1619 1626 1639 1651 1665
1399 1405 1410 1415 1422 1427 1432 1436 1439 1442 1445 1450 1456 1463 1468 1470 1472 1472 1469 1468 1471 1472 1474 1474 1472 1468 1468 1467 1466 1463 1459 1459 1462 1463 1461 1459 1457 1456 1455 1452 1449 1449 1454 1457 1461 1461 1461 1464 1466 1472 1477 1480 1484 1490 1494 1497 1505 1515 1525 1529 1533 1537 1540 1546 1553 1561 1571 1581 1587 1589 1591 1594 1595 1597 1599 1603 1607 1607 1609 1612 1617 1625 1632 1637
1397 1403 1409 1416 1423 1431 1435 1438 1441 1445 1450 1455 1460 1467 1473 1479 1483 1484 1482 1479 1479 1479 1478 1481 1481 1481 1481 1479 1476 1470 1468 1467 1469 1471 1472 1471 1467 1466 1468 1467 1468 1470 1471 1476 1475 1476 1476 1476 1474 1473 1473 1474 1477 1481 1485 1487 1492 1500 1509 1518 1524 1528 1532 1535 1543 1554 1562 1572 1576 1579 1580 1581 1584 1590 1593 1595 1596 1598 1600 1604 1610 1612 1612 1610
1398 1403 1409 1417 1425 1432 1438 1445 1450 1454 1460 1466 1470 1475 1480 1484 1488 1491 1492 1491 1489 1490 1493 1491 1491 1490 1491 1489 1486 1483 1479 1480 1479 1479 1480 1482 1483 1482 1484 1488 1491 1493 1499 1504 1506 1504 1500 1498 1490 1483 1479 1476 1479 1482 1483 1484 1487 1492 1499 1508 1516 1522 1527 1531 1538 1545 1552 1558 1564 1568 1565 1562 1566 1571 1577 1580 1581 1584 1590 1594 1595 1594 1592 1592
1398 1402 1409 1416 1424 1432 1442 1451 1460 1467 1474 1478 1480 1481 1484 1488 1491 1494 1497 1500 1502 1505 1505 1505 1503 1501 1500 1500 1500 1498 1499 1497 1493 1491 1493 1494 1496 1502 1506 1509 1509 1515 1519 1525 1527 1527 1525 1522 1521 1515 1501 1496 1493 1493 1491 1490 1487 1488 1494 1501 1509 1516 1522 1526 1530 1535 1538 1542 1546 1547 1548 1546 1546 1552 1559 1564 1567 1566 1565 1572 1578 1577 1577 1577
1404 1408 1411 1415 1421 1431 1443 1458 1470 1478 1483 1485 1485 1486 1488 1492 1495 1497 1500 1504 1508 1511 1512 1513 1513 1512 1511 1512 1512 1513 1514 1514 1511 1510 1512 1515 1515 1514 1516 1518 1522 1526 1533 1537 1537 1539 1541 1544 1546 1539 1528 1523 1517 1512 1507 1498 1494 1491 1488 1495 1498 1504 1511 1515 1519 1523 1526 1529 1531 1532 1532 1533 1535 1539 1545 1551 1553 1551 1550 1551 1556 1563 1566 1566
1412 1415 1417 1419 1424 1430 1443 1460 1474 1485 1491 1493 1492 1494 1497 1499 1498 1498 1501 1506 1512 1516 1518 1520 1521 1523 1524 1527 1528 1526 1526 1528 1528 1529 1534 1535 1536 1531 1531 1536 1534 1538 1539 1541 1543 1546 1549 1553 1556 1555 1551 1548 1546 1542 1537 1519 1505 1502 1497 1490 1490 1493 1499 1505 1510 1512 1514 1516 1518 1520 1523 1527 1529 1530 1535 1540 1544 1545 1543 1544 1547 1552 1556 1559
1417 1418 1422 1424 1427 1434 1446 1462 1477 1488 1495 1500 1502 1503 1505 1505 1505 1504 1507 1513 1517 1520 1524 1528 1533 1536 1542 1545 1545 1543 1542 1546 1546 1546 1547 1549 1548 1548 1549 1552 1551 1548 1548 1548 1550 1552 1554 1558 1561 1564 1565 1566 1565 1562 1555 1548 1535 1523 1518 1509 1501 1496 1499 1499 1502 1503 1506 1508 1511 1517 1524 1533 1537 1539 1540 1545 1548 1546 1546 1549 1556 1564 1566 1568
1422 1422 1424 1426 1429 1437 1445 1463 1480 1491 1500 1505 1509 1511 1511 1512 1512 1513 1515 1519 1522 1526 1531 1536 1544 1549 1553 1558 1561 1563 1563 1564 1565 1562 1563 1563 1563 1563 1563 1562 1561 1558 1556 1555 1555 1557 1559 1562 1564 1565 1566 1568 1569 1568 1566 1562 1557 1547 1533 1524 1519 1513 1510 1507 1504 1504 1504 1508 1515 1524 1536 1540 1546 1550 1553 1556 1558 1560 1562 1565 1568 1570 1572 1576
1429 1427 1428 1431 1433 1436 1445 1458 1475 1491 1503 1512 1516 1520 1522 1521 1520 1522 1525 1526 1528 1533 1538 1545 1551 1557 1562 1568 1573 1577 1577 1577 1580 1580 1580 1580 1579 1578 1577 1574 1570 1565 1562 1560 1560 1560 1563 1565 1565 1564 1566 1567 1569 1570 1571 1571 1570 1563 1555 1544 1534 1530 1525 1523 1521 1520 1520 1521 1529 1538 1542 1547 1551 1555 1558 1561 1565 1565 1566 1570 1572 1576 1579 1579
1440 1437 1437 1437 1439 1440 1446 1457 1473 1491 1504 1514 1522 1530 1531 1529 1532 1534 1537 1538 1541 1546 1549 1554 1561 1566 1569 1575 1582 1585 1586 1588 1590 1590 1592 1594 1595 1591 1588 1584 1582 1579 1575 1570 1569 1572 1574 1575 1573 1570 1568 1569 1571 1572 1573 1575 1575 1575 1573 1567 1560 1552 1547 1543 1541 1538 1540 1547 1550 1550 1552 1554 1557 1559 1563 1566 1566 1567 1570 1573 1575 1578 1581 1583
1448 1445 1443 1443 1444 1446 1450 1460 1472 1489 1506 1518 1528 1537 1544 1545 1544 1549 1553 1558 1560 1562 1564 1565 1567 1570 1575 1579 1585 1589 1592 1595 1598 1601 1604 1607 1606 1602 1598 1596 1594 1594 1590 1586 1586 1583 1583 1584 1582 1579 1575 1574 1575 1577 1578 1580 1583 1584 1583 1580 1577 1572 1571 1567 1564 1561 1562 1565 1568 1566 1562 1563 1565 1568 1572 1574 1577 1579 1581 1581 1583 1585 1587 1586
1450 1447 1445 1445 1448 1451 1456 1465 1478 1494 1508 1524 1539 1549 1557 1560 1561 1564 1568 1571 1574 1576 1576 1573 1573 1577 1581 1585 1589 1593 1599 1605 1608 1612 1616 1620 1620 1616 1612 1609 1607 1604 1601 1598 1594 1591 1589 1590 1590 1588 1583 1581 1580 1582 1583 1586 1589 1592 1592 1590 1587 1586 1585 1583 1580 1580 1582 1584 1582 1581 1579 1577 1575 1578 1581 1582 1584 1586 1588 1591 1592 1594 1594 1599
1455 1453 1453 1453 1455 1459 1464 1473 1485 1499 1514 1529 1544 1561 1570 1577 1581 1582 1581 1581 1584 1587 1588 1588 1590 1590 1590 1590 1594 1598 1604 1610 1616 1620 1626 1630 1631 1628 1625 1622 1618 1616 1612 1608 1606 1603 1597 1597 1598 1595 1589 1586 1584 1585 1587 1591 1595 1599 1601 1600 1599 1597 1595 1593 1591 1592 1592 1594 1593 1592 1592 1590 1589 1588 1588 1589 1591 1592 1597 1600 1600 1601 1602 1610
1462 1462 1462 1463 1465 1467 1472 1477 1489 1501 1518 1537 1551 1567 1577 1587 1593 1598 1594 1594 1597 1600 1603 1602 1600 1599 1599 1600 1601 1604 1606 1611 1616 1623 1632 1639 1643 1640 1639 1633 1629 1627 1625 1623 1619 1614 1612 1611 1611 1609 1604 1597 1594 1593 1593 1596 1600 1603 1605 1605 1604 1602 1600 1599 1597 1598 1602 1603 1603 1602 1600 1599 1598 1597 1595 1596 1599 1603 1606 1609 1612 1614 1618 1622
1468 1468 1468 1470 1472 1473 1476 1484 1493 1507 1525 1539 1551 1568 1584 1597 1608 1613 1615 1615 1617 1619 1621 1617 1612 1612 1611 1611 1609 1610 1612 1615 1620 1627 1636 1643 1646 1650 1647 1646 1641 1638 1636 1634 1632 1629 1626 1622 1620 1619 1617 1613 1608 1603 1602 1602 1605 1607 1607 1608 1605 1603 1601 1600 1602 1606 1609 1612 1613 1614 1615 1615 1614 1611 1608 1610 1612 1615 1617 1620 1624 1629 1633 1638
1475 1473 1474 1477 1480 1484 1492 1499 1509 1520 1531 1544 1556 1571 1589 1606 1618 1625 1629 1632 1634 1638 1639 1638 1632 1628 1626 1623 1621 1620 1622 1624 1628 1634 1639 1642 1646 1649 1650 1648 1648 1647 1645 1643 1643 1642 1640 1637 1634 1631 1629 1626 1621 1615 1613 1611 1608 1608 1609 1610 1611 1608 1607 1606 1608 1612 1616 1618 1618 1621 1623 1624 1625 1624 1624 1627 1630 1629 1627 1629 1633 1640 1646 1653
1483 1482 1482 1487 1491 1497 1507 1519 1527 1535 1543 1549 1566 1584 1600 1616 1625 1634 1639 1644 1650 1655 1654 1652 1645 1640 1639 1636 1632 1632 1632 1634 1637 1640 1642 1644 1645 1647 1647 1650 1652 1654 1653 1653 1654 1655 1654 1652 1647 1643 1640 1638 1633 1627 1622 1618 1613 1613 1616 1618 1618 1618 1619 1619 1620 1622 1625 1623 1624 1627 1631 1634 1638 1640 1641 1643 1644 1645 1643 1641 1645 1650 1660 1667
1493 1491 1494 1497 1502 1509 1523 1537 1547 1553 1562 1572 1584 1596 1610 1624 1636 1644 1648 1654 1658 1660 1662 1661 1659 1655 1656 1653 1648 1647 1646 1647 1648 1651 1653 1653 1651 1648 1648 1651 1655 1658 1660 1662 1664 1663 1661 1660 1656 1654 1652 1649 1644 1638 1633 1626 1621 1620 1621 1621 1623 1626 1629 1631 1633 1637 1637 1636 1635 1638 1643 1646 1648 1649 1650 1651 1654 1657 1658 1658 1660 1665 1674 1682
1496 1497 1501 1507 1511 1520 1535 1550 1560 1567 1573 1581 1591 1601 1612 1628 1643 1649 1656 1661 1663 1667 1669 1669 1668 1669 1670 1671 1670 1667 1665 1664 1664 1665 1665 1664 1660 1656 1656 1660 1663 1666 1670 1671 1673 1671 1671 1670 1671 1673 1672 1668 1662 1653 1645 1637 1629 1625 1623 1623 1626 1631 1634 1638 1642 1644 1645 1646 1647 1648 1652 1655 1658 1661 1665 1668 1670 1673 1675 1675 1676 1681 1685 1691
1500 1502 1507 1511 1519 1529 1542 1556 1567 1574 1582 1589 1595 1606 1622 1637 1650 1658 1664 1668 1672 1676 1680 1685 1688 1687 1688 1688 1687 1684 1681 1679 1677 1675 1674 1673 1669 1667 1669 1674 1680 1685 1686 1687 1685 1684 1685 1685 1685 1686 1686 1682 1676 1670 1658 1648 1637 1629 1626 1627 1630 1635 1640 1644 1647 1649 1650 1653 1655 1657 1660 1663 1668 1675 1683 1687 1689 1690 1693 1696 1700 1700 1702 1704
1503 1506 1510 1516 1525 1537 1550 1562 1572 1582 1588 1594 1601 1612 1629 1645 1656 1667 1673 1679 1687 1693 1698 1702 1703 1703 1702 1703 1702 1700 1697 1695 1692 1690 1687 1683 1681 1680 1683 1689 1694 1698 1700 1701 1700 1699 1701 1702 1700 1698 1695 1692 1687 1678 1668 1656 1642 1633 1631 1633 1637 1642 1647 1651 1654 1654 1656 1658 1662 1665 1670 1674 1680 1687 1695 1701 1705 1707 1714 1721 1721 1720 1718 1716
1506 1509 1516 1523 1533 1542 1553 1564 1575 1584 1591 1597 1603 1618 1634 1648 1660 1671 1683 1692 1699 1703 1707 1710 1711 1711 1714 1715 1716 1715 1713 1709 1706 1704 1702 1698 1694 1693 1695 1701 1706 1710 1713 1712 1711 1713 1715 1717 1717 1716 1712 1704 1695 1686 1675 1665 1652 1643 1642 1644 1648 1652 1656 1659 1660 1660 1662 1665 1668 1672 1676 1682 1688 1695 1703 1712 1719 1726 1732 1736 1737 1736 1735 1735
1511 1515 1519 1526 1534 1542 1552 1563 1577 1586 1593 1601 1612 1625 1641 1654 1663 1675 1688 1697 1705 1713 1718 1720 1722 1722 1722 1722 1723 1724 1723 1722 1721 1719 1717 1716 1710 1707 1710 1714 1719 1724 1722 1720 1722 1724 1725 1726 1727 1728 1726 1719 1709 1696 1685 1672 1661 1654 1650 1653 1657 1659 1664 1665 1666 1667 1669 1671 1673 1676 1683 1689 1696 1704 1712 1722 1732 1738 1744 1749 1755 1756 1756 1758
1520 1523 1526 1531 1537 1544 1553 1565 1577 1588 1599 1608 1621 1632 1646 1660 1671 1681 1692 1705 1717 1728 1733 1736 1736 1738 1736 1734 1734 1732 1732 1733 1731 1728 1727 1726 1726 1723 1725 1728 1730 1732 1732 1729 1729 1733 1734 1734 1734 1733 1732 1731 1723 1707 1694 1680 1669 1662 1660 1661 1665 1670 1673 1673 1673 1673 1675 1676 1679 1684 1690 1698 1706 1714 1727 1738 1744 1749 1755 1761 1768 1771 1770 1769
1534 1535 1538 1541 1545 1553 1563 1575 1588 1598 1607 1618 1629 1641 1654 1667 1680 1691 1704 1717 1728 1739 1744 1746 1748 1750 1751 1750 1747 1745 1748 1747 1743 1739 1737 1737 1737 1738 1738 1739 1740 1741 1741 1740 1741 1744 1746 1744 1742 1739 1738 1736 1730 1717 1701 1691 1682 1678 1672 1671 1674 1678 1680 1681 1681 1682 1682 1684 1685 1689 1696 1706 1716 1726 1738 1750 1756 1762 1766 1771 1773 1773 1773 1774
1551 1550 1551 1553 1559 1568 1579 1590 1602 1611 1618 1631 1644 1656 1664 1677 1689 1701 1712 1721 1733 1745 1754 1759 1760 1762 1762 1762 1763 1764 1764 1765 1760 1755 1751 1750 1749 1750 1750 1751 1751 1751 1752 1752 1754 1756 1755 1753 1750 1746 1744 1741 1737 1726 1713 1704 1699 1692 1687 1685 1685 1687 1689 1689 1691 1692 1692 1691 1693 1698 1706 1717 1726 1737 1750 1761 1769 1776 1781 1782 1781 1781 1781 1783
1564 1564 1565 1566 1570 1581 1595 1609 1618 1628 1639 1648 1661 1670 1680 1691 1702 1713 1722 1734 1749 1762 1771 1779 1783 1782 1781 1779 1780 1782 1781 1778 1774 1768 1763 1758 1759 1760 1761 1761 1762 1764 1765 1765 1765 1765 1765 1762 1757 1753 1749 1747 1743 1737 1730 1721 1716 1709 1702 1700 1698 1699 1698 1699 1700 1700 1701 1702 1705 1709 1715 1722 1734 1748 1761 1772 1780 1787 1793 1797 1799 1798 1796 1796
1573 1573 1575 1578 1583 1595 1609 1622 1634 1645 1654 1667 1675 1685 1698 1709 1720 1729 1744 1757 1766 1775 1786 1795 1804 1809 1805 1798 1796 1793 1793 1792 1789 1786 1781 1775 1773 1777 1780 1778 1777 1779 1780 1779 1778 1777 1776 1775 1769 1762 1758 1754 1754 1751 1745 1737 1730 1722 1718 1713 1712 1711 1709 1707 1707 1707 1708 1712 1718 1720 1724 1732 1747 1762 1775 1784 1792 1798 1801 1804 1808 1810 1809 1807
1578 1579 1581 1585 1590 1600 1611 1627 1644 1657 1671 1680 1687 1701 1716 1732 1741 1749 1760 1770 1785 1797 1806 1816 1828 1833 1829 1823 1821 1817 1810 1807 1805 1801 1796 1792 1794 1796 1800 1799 1800 1801 1798 1798 1796 1794 1793 1790 1786 1779 1772 1771 1769 1763 1759 1751 1742 1736 1736 1735 1732 1727 1723 1720 1717 1716 1718 1723 1727 1729 1734 1744 1761 1776 1788 1799 1806 1809 1811 1813 1817 1823 1825 1825
1584 1585 1589 1594 1599 1607 1624 1641 1658 1672 1682 1691 1703 1717 1735 1747 1756 1763 1774 1795 1815 1825 1832 1839 1844 1845 1845 1847 1844 1840 1835 1831 1825 1822 1818 1819 1817 1819 1820 1822 1823 1821 1819 1817 1815 1813 1812 1809 1807 1801 1797 1789 1783 1776 1769 1763 1755 1751 1754 1755 1751 1744 1737 1735 1732 1730 1732 1734 1737 1740 1748 1759 1772 1785 1801 1813 1817 1820 1824 1829 1834 1839 1843 1846
1592 1597 1601 1607 1611 1615 1624 1647 1668 1679 1690 1702 1713 1724 1738 1755 1770 1781 1794 1806 1820 1842 1856 1865 1869 1866 1866 1863 1858 1853 1850 1846 1843 1839 1840 1846 1846 1843 1843 1844 1844 1843 1841 1838 1836 1834 1833 1828 1822 1818 1813 1807 1799 1789 1779 1772 1767 1767 1771 1772 1769 1760 1748 1742 1744 1745 1746 1748 1750 1754 1762 1771 1780 1793 1807 1820 1827 1834 1837 1844 1847 1854 1860 1862
1602 1609 1615 1619 1623 1629 1637 1651 1667 1684 1697 1709 1721 1732 1746 1763 1779 1794 1809 1825 1839 1853 1869 1882 1888 1892 1890 1889 1888 1884 1881 1876 1875 1872 1868 1868 1869 1867 1865 1863 1863 1862 1860 1858 1854 1851 1847 1843 1837 1832 1828 1823 1815 1802 1788 1782 1779 1783 1786 1786 1785 1775 1762 1753 1753 1756 1759 1761 1763 1768 1775 1783 1792 1805 1818 1831 1843 1852 1857 1861 1864 1867 1875 1880
